10001101001010000000010010110000
00000010010010000100000000100000
10101101001010000000010010110000
00100000000010101111111111111111
00100000000010101111111111100010
10001101111010000000000000000100
00000001000010000000000000011000
10001101111010010000000000000100
00110100000010100000000000000011
00000001001010100000000000011000
00000001000010010101000000100000
10101101111010100000000000000000
10001101111010000000000000000000
00000000000010000100000001000010
00100001111010010000000000011100
00000000000010000100000010000000
00000001001010000100100000100000
10001101001010010000000000000000
00100001001010010000000000000001
10001101111010000000000000000000
00000000000010000100000010000000
00100001111010100000000000011100
00000001010010000101000000100000
10101101010010010000000000000000
10001101111010000000000000000000
00100001000010000000000000000001
00000000000010000100000010000000
00100001111010010000000000011100
00000001001010000100100000100000
00100000000010101111111111111111
10101101001010100000000000000000
